0,2 1,0 0,8187 0,0000 1,0000 0,2000 0,2000 0,0000 0,0000 1,0000 0,2000 0,2120
0,4 1,0 0,6703 0,0001 0,9999 0,4000 0,4000 0,0001 0,0000 1,0000 0,4000 0,4231
0,6 1,0 0,5488 0,0004 0,9996 0,5998 0,5998 0,0001 0,0000 1,0000 0,6000 0,6310
0,8 1,0 0,4494 0,0012 0,9988 0,7990 0,7990 0,0001 0,0000 1,0000 0,8000 0,8381
1,0 1,0 0,3681 0,0031 0,9969 0,9969 0,9969 0,0001 0,0000 1,0000 1,0000 1,0419
1,2 1,0 0,3016 0,0063 0,9937 1,1925 1,1925 0,0000 0,0000 1,0000 1,2000 1,2592
1,4 1,0 0,2474 0,0111 0,9889 1,3845 1,3845 0,0000 0,0000 1,0000 1,4000 1,4680
1,6 1,0 0,2031 0,0177 0,9823 1,5716 1,5716 0,0000 0,0000 1,0000 1,6000 1,6509
1,8 1,0 0,1670 0,0263 0,9737 1,7527 1,7527 0,0000 0,0000 1,0000 1,8000 1,8934
2,0 1,0 0,1376 0,0367 0,9633 1,9266 1,9266 0,0000 0,0000 1,0000 2,0000 2,0352
2,2 1,0 0,1136 0,0488 0,9512 2,0926 2,0926 0,0000 0,0000 1,0000 2,2000 2,2755
2,4 1,0 0,0941 0,0624 0,9376 2,2502 2,2502 0,0000 0,0000 1,0000 2,4000 2,4343
2,6 1,0 0,0781 0,0773 0,9227 2,3989 2,3989 0,0000 0,0000 1,0000 2,6000 2,6259
2,8 1,0 0,0650 0,0933 0,9067 2,5388 2,5388 0,0000 0,0000 1,0000 2,8000 2,8331
3,0 1,0 0,0543 0,1101 0,8899 2,6698 2,6698 0,0000 0,0000 1,0000 3,0000 3,0950
3,2 1,0 0,0456 0,1274 0,8726 2,7923 2,7923 0,0000 0,0000 1,0000 3,2000 3,2158
3,4 1,0 0,0383 0,1452 0,8548 2,9065 2,9065 0,0000 0,0000 1,0000 3,4000 3,4352
3,6 1,0 0,0324 0,1631 0,8369 3,0128 3,0128 0,0000 0,0000 1,0000 3,6000 3,7516
3,8 1,0 0,0274 0,1811 0,8189 3,1117 3,1117 0,0000 0,0000 1,0000 3,8000 3,8004
4,0 1,0 0,0233 0,1991 0,8009 3,2037 3,2037 0,0000 0,0000 1,0000 4,0000 3,8876
4,2 1,0 0,0199 0,2168 0,7832 3,2892 3,2892 0,0000 0,0000 1,0000 4,2000 4,2551
4,4 1,0 0,0171 0,2344 0,7656 3,3688 3,3688 0,0000 0,0000 1,0000 4,4000 4,2639
4,6 1,0 0,0147 0,2516 0,7484 3,4427 3,4427 0,0000 0,0000 1,0000 4,6000 4,7845
4,8 1,0 0,0126 0,2684 0,7316 3,5116 3,5116 0,0000 0,0000 1,0000 4,8000 4,8778
5,0 1,0 0,0109 0,2849 0,7151 3,5757 3,5757 0,0000 0,0000 1,0000 5,0000 4,8814
5,2 1,0 0,0095 0,3009 0,6991 3,6354 3,6354 0,0000 0,0000 1,0000 5,2000 4,8930
5,4 1,0 0,0083 0,3164 0,6836 3,6912 3,6912 0,0000 0,1600 0,8400 4,5360 4,7275
5,6 1,0 0,0072 0,3316 0,6684 3,7433 3,7433 0,0000 0,1600 0,8400 4,7040 4,7642
5,8 1,0 0,0063 0,3462 0,6538 3,7920 3,7920 0,0000 0,1600 0,8400 4,8720 4,7988
6,0 1,0 0,0056 0,3604 0,6396 3,8376 3,8376 0,0000 0,1600 0,8400 5,0400 4,8090
6,2 1,0 0,0049 0,3741 0,6259 3,8803 3,8803 0,0000 0,1600 0,8400 5,2080 4,7816
6,4 1,0 0,0043 0,3874 0,6126 3,9205 3,9205 0,0000 0,1600 0,8400 5,3760 4,9853
6,6 1,0 0,0038 0,4003 0,5997 3,9581 3,9581 0,0000 0,2400 0,7600 5,0160 5,1893
6,8 1,0 0,0034 0,4127 0,5873 3,9936 3,9936 0,0000 0,2400 0,7600 5,1680 5,1959
7,0 1,0 0,0030 0,4247 0,5753 4,0270 4,0270 0,0000 0,2400 0,7600 5,3200 5,1988
7,2 1,0 0,0027 0,4363 0,5637 4,0584 4,0584 0,0000 0,2400 0,7600 5,4720 5,2289
7,4 1,0 0,0024 0,4475 0,5525 4,0881 4,0881 0,0000 0,2400 0,7600 5,6240 5,2087
7,6 1,0 0,0022 0,4584 0,5416 4,1162 4,1162 0,0000 0,2400 0,7600 5,7760 5,2317
7,8 1,0 0,0019 0,4689 0,5311 4,1428 4,1428 0,0000 0,2400 0,7600 5,9280 5,2265
8,0 1,0 0,0018 0,4790 0,5210 4,1679 4,1679 0,0000 0,3600 0,6400 5,1200 4,8037
8,2 1,0 0,0016 0,4888 0,5112 4,1918 4,1918 0,0000 0,4000 0,6000 4,9200 5,1463
8,4 1,0 0,0014 0,4983 0,5017 4,2144 4,2144 0,0000 0,4000 0,6000 5,0400 5,1561
8,6 1,0 0,0013 0,5075 0,4925 4,2359 4,2359 0,0000 0,4000 0,6000 5,1600 5,1163
8,8 1,0 0,0012 0,5163 0,4837 4,2564 4,2564 0,0000 0,4000 0,6000 5,2800 5,1180
9,0 1,0 0,0011 0,5249 0,4751 4,2758 4,2758 0,0000 0,4000 0,6000 5,4000 5,1277
9,2 1,0 0,0010 0,5332 0,4668 4,2944 4,2944 0,0000 0,4000 0,6000 5,5200 5,1238
9,4 1,0 0,0009 0,5413 0,4587 4,3121 4,3121 0,0000 0,4000 0,6000 5,6400 5,1556
9,6 1,0 0,0008 0,5491 0,4509 4,3289 4,3289 0,0000 0,4000 0,6000 5,7600 5,1592
9,8 1,0 0,0007 0,5566 0,4434 4,3451 4,3451 0,0000 0,4000 0,6000 5,8800 5,1383
10,0 1,0 0,0007 0,5640 0,4360 4,3605 4,3605 0,0000 0,4000 0,6000 6,0000 5,1592
